A=[1 2 4 ; 4 5 6]
A(1,1)=100;
A(2,1,end);